((("defconstant" .
   [1 0 0 0 0 0 0 0 0 0 0])
  ("otherwise" .
   [1 0 0 0 0 0 0 0 0])
  ("start-dir" .
   [2 0 0 0 0 0 0 0 0])
  ("new-dir" .
   [1 0 0 0 0 0 0])
  ("clrhash" .
   [2 0 0 0 0 0 0])
  ("dirs" .
   [2 0 0 0])
  ("in-hashtable" .
   [0 0 0 0 0 1 0 0 0 0 0 0])
  ("keys" .
   [2 0 0 0])
  ("v" .
   [1])
  ("equalp" .
   [1 0 0 0 0 0])
  (":test" .
   [4 0 0 0 0])
  ("been-there?" .
   [3 0 0 0 0 0 0 0 0 0 0])
  ("been-there" .
   [1 0 0 0 0 0 0 0 0 0])
  ("done-that" .
   [6 0 0 0 0 0 0 0 0])
  ("pht" .
   [4 0 0])
  ("*visited" .
   [0 0 0 0 0 0 0 6])
  ("cdr" .
   [1 0 0])
  ("col" .
   [2 0 0])
  ("dim" .
   [3 0 0])
  ("car" .
   [1 0 0])
  ("gethash" .
   [10 0 0 0 0 0 0])
  ("heading" .
   [1 0 0 0 0 0 0])
  ("make-hash-table" .
   [0 0 0 0 0 0 0 1 0 1 0 0 0 0 0])
  ("*sample2*" .
   [1 0 0 0 0 0 0 0 0])
  ("starts" .
   [2 0 0 0 0 0])
  ("mirror" .
   [2 0 0 0 0 0])
  ("format" .
   [1 0 0 0 0 0])
  ("member" .
   [7 0 0 0 0 0])
  ("beam-dir" .
   [2 0 0 0 0 0 0 0])
  ("n" .
   [3])
  ("*visited*" .
   [15 0 0 0 0 0 0 0 0])
  (":dir" .
   [1 0 0 0])
  ("cons" .
   [16 0 0 0])
  (":pos" .
   [1 0 0 0])
  ("make-beam" .
   [1 0 0 0 0 0 0 0 0])
  ("grid" .
   [7 0 0 0])
  ("dir" .
   [8 0 0])
  ("pos" .
   [8 0 0])
  ("next-grid-pos" .
   [0 0 0 0 0 0 0 0 0 0 0 0 1])
  ("new-pos" .
   [7 0 0 0 0 0 0])
  ("*beams*" .
   [3 0 0 0 0 0 0])
  ("*sample*" .
   [1 0 0 0 1 0 0 0])
  (":al" .
   [1 0 0])
  (":trivia" .
   [1 0 0 0 0 0 0])
  (":tr" .
   [1 0 0])
  (":cl-ppcre" .
   [1 0 0 0 0 0 0 0 0])
  (":alexandria" .
   [2 0 0 0 0 0 0 0 0 0 0])
  ("rows-above-mirror-line" .
   [0 0 0 0 0 0 1 0 0 0 0 0 0 0 0 0 0 0 0 0 0 1])
  ("unless" .
   [1 0 0 0 0 0])
  ("rect" .
   [3 0 0 0])
  ("progn" .
   [2 0 0 0 0])
  ("return-from" .
   [4 0 0 0 0 0 0 0 0 0 0])
  ("return" .
   [2 0 0 0 0 0])
  ("miss" .
   [2 0 0 0])
  ("matches" .
   [2 0 0 0 0 0 0])
  ("and" .
   [3 0 0])
  ("let" .
   [5 0 0])
  ("*smudge-found*" .
   [0 0 0 2 3 0 0 1 1 0 0 0 0 3])
  ("setf" .
   [16 0 0 0])
  ("defparameter" .
   [3 0 0 0 0 0 1 0 0 0 0 0])
  ("//" .
   [0 1])
  ("tr2" .
   [1 0 0])
  ("tr1" .
   [2 0 0])
  ("zerop" .
   [2 0 0 0 0])
  ("when" .
   [10 0 0 0])
  ("nil" .
   [15 0 0])
  ("null" .
   [5 0 0 0])
  ("cond" .
   [4 0 0 0])
  ("tr" .
   [8 0])
  ("*test-data*" .
   [0 0 0 2 0 0 0 0 0 0 1])
  ("parse-input" .
   [0 0 0 0 0 0 0 1 0 0 2])
  ("second" .
   [2 0 0 0 0 0])
  ("defvar" .
   [1 0 0 0 0 0])
  ("abc" .
   [1 0 0])
  ("5a:is-false" .
   [4 0 0 0 0 0 0 0 0 0 0])
  ("string-almost" .
   [0 0 0 0 0 0 0 0 0 0 0 0 1])
  ("5a:is-true" .
   [4 0 0 0 0 0 0 0 0 0])
  ("char" .
   [2 0 0 0])
  ("s" .
   [6])
  ("equal" .
   [7 0 0 0 0])
  ("sum" .
   [2 0 0])
  ("length" .
   [2 0 0 0 0 0])
  ("below" .
   [3 0 0 0 0])
  ("day13-2" .
   [3 0 0 0 0 0 0])
  ("str2" .
   [4 0 0 0])
  ("str1" .
   [6 0 0 0])
  ("string-almost=" .
   [4 0 0 0 0 0 0 0 0 0 0 0 0 4])
  ("row" .
   [9 0 0])
  ("1-" .
   [4 0])
  ("str-compare-fn" .
   [2 0 0 0 0 0 0 1 0 0 0 0 0 1])
  ("str-cmp-fn" .
   [1 0 0 0 0 0 0 1 0 0])
  ("string=" .
   [7 0 0 0 0 0 0])
  ("c" .
   [4])
  ("1+" .
   [7 0])
  ("*" .
   [1])
  ("not" .
   [2 0 0])
  ("or" .
   [3 0])
  ("if" .
   [8 0])
  ("apply" .
   [2 0 0 0 0])
  ("5a:is" .
   [2 0 0 0 0])
  ("5a:test" .
   [2 0 0 0 0 0 0])
  ("max-damage" .
   [4 0 0 0 0 0 0 0 0 0])
  ("?" .
   [2])
  ("count" .
   [5 0 0 0 0])
  ("max" .
   [1 0 0])
  ("springs" .
   [3 0 0 0 0 0 0])
  ("defun" .
   [5 0 0 0 0])
  ("untrace" .
   [1 0 0 0 0 0 0])
  ("splits" .
   [1 0 0 0 0 0])
  ("first" .
   [12 0 0 0 0])
  ("concatenate" .
   [3 0 0 0 0 0 0 0 0 0 0])
  ("char=" .
   [3 0 0 0 0])
  ("nth" .
   [7 0 0])
  ("subseq" .
   [4 0 0 0 0 0])
  ("trace" .
   [2 0 0 0 0])
  ("conditions" .
   [13 0 0 0 0 0 0 0 0 0])
  ("rest" .
   [5 0 0 0])
  ("rules" .
   [9 0 0 0 0])
  ("condition" .
   [2 0 0 0 0 0 0 0 0])
  ("." .
   [8])
  ("push" .
   [10 0 0 0])
  ("cnd" .
   [6 0 0])
  ("list" .
   [10 0 0 0])
  ("count-possibles" .
   [2 0 0 0 0 1 1 0 0 0 1 0 0 0 4])
  (".^" .
   [0 1])
  ("eql" .
   [2 0 0])
  ("tr:match" .
   [2 0 0 0 0 0 0 0])
  (":fare-memoization" .
   [0 0 0 0 0 0 1 0 0 0 0 0 0 0 0 0 0])
  ("fm:memoize" .
   [0 0 0 0 0 0 1 0 0 1])
  ("fm:define-memo-function" .
   [0 0 0 0 0 1 0 0 0 0 0 0 0 0 0 0 0 0 0 0 0 0 0])
  ("dolist" .
   [1 0 0 0 0 0])
  ("los" .
   [2 0 0])
  ("iter" .
   [5 0 0 0])
  ("for" .
   [5 0 0])
  ("in" .
   [1 0])
  ("summing" .
   [1 0 0 0 0 0 0])
  ("funcall" .
   [5 0 0 0 0 0 0])
  ("*cc*" .
   [1 0 0 0])
  ("&optional" .
   [1 0 0 0 0 0 0 0 1])
  ("state" .
   [2 0 0 0 0])
  ("INEXACT" .
   [8 0 0 0 0 0 0])
  ("reset" .
   [7 0 0 0 0])
  ("*rect1*" .
   [0 0 0 0 0 0 1])
  ("mirror-side-size" .
   [1 0 0 0 0 0 0 0 0 0 0 0 0 0 0 0])
  ("*rect2*" .
   [0 0 0 0 0 0 1])
  ("values" .
   [10 0 0 0 0 0])
  ("rows" .
   [6 0 0 0])
  ("beam" .
   [4 0 0 0])
  ("visited" .
   [1 0 0 0 0 0 0])
  ("day16-1" .
   [3 0 0 0 0 0 0])
  ("r" .
   [1])
  ("uiop:read-file-" .
   [0 0 0 0 0 0 0 0 0 0 0 0 0 0 1])
  ("*sample-file*" .
   [0 0 0 0 0 0 0 0 1 0 0 0 0])
  ("move-one" .
   [2 0 0 0 0 0 0 1])))
