HTTP/1.1 200 OK
Date: Mon, 20 Jun 2022 22:04:40 GMT
Server: Apache
Strict-Transport-Security: max-age=63072000; includeSubDomains; preload
X-Content-Type-Options: nosniff
Last-Modified: Fri, 10 Jun 2022 04:49:52 GMT
ETag: "4d10-5e110ab3d4ec7"
Accept-Ranges: bytes
Content-Length: 19728
Access-Control-Allow-Origin: *
Keep-Alive: timeout=5, max=200
Connection: Keep-Alive
Content-Type: image/svg+xml

<?xml version="1.0" encoding="UTF-8" standalone="no"?>
<!-- Created with Inkscape (http://www.inkscape.org/) -->

<svg
   xmlns:dc="http://purl.org/dc/elements/1.1/"
   xmlns:cc="http://creativecommons.org/ns#"
   xmlns:rdf="http://www.w3.org/1999/02/22-rdf-syntax-ns#"
   xmlns:svg="http://www.w3.org/2000/svg"
   xmlns="http://www.w3.org/2000/svg"
   xmlns:sodipodi="http://sodipodi.sourceforge.net/DTD/sodipodi-0.dtd"
   xmlns:inkscape="http://www.inkscape.org/namespaces/inkscape"
   width="14.243729mm"
   height="8.3496885mm"
   viewBox="0 0 14.243729 8.3496885"
   version="1.1"
   id="svg880"
   inkscape:version="0.92.3 (2405546, 2018-03-11)"
   sodipodi:docname="right-360.svg"
   inkscape:export-filename="/home/user/builds/fsf/web/202206fundraiser/right-360.png"
   inkscape:export-xdpi="90"
   inkscape:export-ydpi="90">
  <defs
     id="defs874" />
  <sodipodi:namedview
     id="base"
     pagecolor="#ffffff"
     bordercolor="#666666"
     borderopacity="1.0"
     inkscape:pageopacity="0.0"
     inkscape:pageshadow="2"
     inkscape:zoom="0.35"
     inkscape:cx="41.203006"
     inkscape:cy="-564.22106"
     inkscape:document-units="mm"
     inkscape:current-layer="layer1"
     showgrid="false"
     fit-margin-top="0"
     fit-margin-left="0"
     fit-margin-right="0"
     fit-margin-bottom="0"
     inkscape:window-width="1280"
     inkscape:window-height="669"
     inkscape:window-x="0"
     inkscape:window-y="0"
     inkscape:window-maximized="1" />
  <metadata
     id="metadata877">
    <rdf:RDF>
      <cc:Work
         rdf:about="">
        <dc:format>image/svg+xml</dc:format>
        <dc:type
           rdf:resource="http://purl.org/dc/dcmitype/StillImage" />
        <dc:title />
      </cc:Work>
    </rdf:RDF>
  </metadata>
  <g
     inkscape:label="Layer 1"
     inkscape:groupmode="layer"
     id="layer1"
     transform="translate(129.58615,-3.295394)">
    <g
       transform="matrix(0.97343637,0,0,0.97343637,-404.18276,-272.1819)"
       id="g1281-4-0-39-2-31-4">
      <path
         style="fill:#c87137;stroke:none;stroke-width:0.26458335px;stroke-linecap:butt;stroke-linejoin:miter;stroke-opacity:1"
         d="m 284.50914,284.51181 -1.80073,1.54348 v 0.8419 l 0.30404,0.63143 -0.5379,0.79512 -0.16412,0.87103 0.13229,0.87643 0.16536,0.29766 1.50482,0.19844 1.70326,0.44648 0.61185,-0.23151 0.52916,0.19844 0.21498,0.23151 1.06942,0.007 0.93149,0.15828 2.11666,-1.76941 0.29766,-0.0496 0.57878,0.41342 0.77721,-0.0331 0.8599,0.24805 0.21497,-0.52917 0.1819,-0.41341 1.0418,0.31419 1.30638,-0.33072 -0.56224,-1.19063 -0.41341,-1.0418 -1.57097,-0.84336 -0.49609,-1.81901 -1.45521,-0.26458 -1.0418,-0.16536 -1.4869,-0.7991 -1.48966,0.51798 -1.00872,-0.14883 -1.00873,-0.0661 -0.82682,0.97565 z"
         id="path1271-4-7-6-6-2-1"
         inkscape:connector-curvature="0" />
      <path
         style="fill:#000000;stroke-width:0.02974034"
         d="m 288.77005,291.55703 c -0.15129,-0.0516 -0.31294,-0.14299 -0.41312,-0.23349 l -0.11537,-0.10423 -0.21006,0.0298 c -0.11553,0.0164 -0.26094,0.0553 -0.32312,0.0865 -0.10746,0.0539 -0.41285,0.10392 -0.62949,0.10314 -0.0834,-3.4e-4 -0.12553,-0.0282 -0.2528,-0.16746 -0.084,-0.0919 -0.17949,-0.20176 -0.2122,-0.24414 -0.0559,-0.0724 -0.0634,-0.0742 -0.12522,-0.0304 -0.0387,0.0274 -0.0733,0.0922 -0.084,0.15729 -0.0653,0.395 -0.23658,0.45762 -0.6343,0.23194 -0.28585,-0.1622 -0.39772,-0.18604 -0.58099,-0.12382 -0.15351,0.0521 -0.53965,0.0634 -0.64792,0.0189 -0.0379,-0.0156 -0.14246,-0.0956 -0.23243,-0.17778 -0.09,-0.0822 -0.17228,-0.14977 -0.18294,-0.15013 -0.0107,-3.5e-4 -0.0456,-0.0452 -0.0777,-0.0996 -0.0321,-0.0544 -0.11878,-0.13429 -0.19265,-0.17759 -0.12785,-0.075 -0.14327,-0.0771 -0.32024,-0.046 -0.14238,0.0251 -0.22507,0.0238 -0.35305,-0.005 -0.0919,-0.0208 -0.24741,-0.0362 -0.34555,-0.034 -0.21383,0.005 -0.29623,-0.0295 -0.47202,-0.19569 -0.12036,-0.11376 -0.13497,-0.14261 -0.15074,-0.29741 -0.01,-0.0943 -0.0312,-0.24503 -0.048,-0.33499 -0.0494,-0.2653 -0.0912,-0.89415 -0.071,-1.06878 0.0103,-0.0889 0.0486,-0.22946 0.0852,-0.31227 0.0365,-0.0828 0.0757,-0.19742 0.0869,-0.25467 0.0207,-0.10496 0.1398,-0.29641 0.2868,-0.46098 0.10551,-0.11811 0.20469,-0.29547 0.21189,-0.3789 0.0174,-0.20175 -0.005,-0.26166 -0.1724,-0.45887 -0.2737,-0.32262 -0.28991,-0.47783 -0.0836,-0.80037 0.0566,-0.0885 0.12263,-0.2081 0.14675,-0.26582 0.0478,-0.11452 0.63291,-0.70431 0.77121,-0.77743 0.047,-0.0248 0.15655,-0.10089 0.24339,-0.16893 0.19956,-0.15636 0.55053,-0.40045 0.65002,-0.45206 0.0418,-0.0217 0.10594,-0.0604 0.14254,-0.086 0.0914,-0.064 0.21837,-0.0584 0.37336,0.0167 0.17028,0.0824 0.21835,0.0556 0.39369,-0.21944 0.26748,-0.41961 0.64113,-0.79151 0.85766,-0.85361 0.11659,-0.0335 0.72616,0.019 0.87533,0.0753 0.0617,0.0232 0.17541,0.0423 0.25278,0.0424 0.0876,0 0.22321,0.0338 0.35936,0.0892 0.12029,0.049 0.26544,0.0891 0.32257,0.0891 0.10036,0 0.2766,-0.079 0.2766,-0.12406 0,-0.045 0.43799,-0.27625 0.62454,-0.32967 0.22659,-0.0649 0.71332,-0.0915 0.86246,-0.0471 0.0573,0.017 0.13756,0.0685 0.17845,0.11446 0.0732,0.0822 0.45904,0.23763 0.58991,0.23763 0.0842,0 0.31143,0.10192 0.46929,0.21053 0.11892,0.0818 0.16065,0.0931 0.36289,0.098 0.19963,0.005 0.24841,0.0177 0.38595,0.1013 0.17983,0.10939 0.19779,0.11206 0.34354,0.0511 0.14711,-0.0615 0.26227,-0.0559 0.41889,0.0202 0.12249,0.0595 0.14495,0.0616 0.27589,0.0258 0.28772,-0.0786 0.34503,-0.0637 0.54758,0.14129 0.12452,0.12607 0.20516,0.18443 0.25484,0.18443 0.12243,0 0.18387,0.0543 0.22771,0.20126 0.0231,0.0774 0.0696,0.19429 0.1034,0.25971 0.0338,0.0654 0.0837,0.23941 0.11089,0.38663 0.0682,0.36903 0.0637,0.34734 0.10217,0.49335 0.15323,0.58158 0.20616,0.66567 0.47628,0.75659 0.29881,0.10058 0.42348,0.16088 0.52046,0.25167 0.10097,0.0946 0.30367,0.2084 0.37132,0.20857 0.19424,4.5e-4 0.47749,0.44949 0.55337,0.87723 0.0255,0.14375 0.11957,0.37175 0.15336,0.37175 0.0134,0 0.0497,0.0435 0.0806,0.0967 0.0617,0.10603 0.116,0.17049 0.30601,0.36333 0.0695,0.0705 0.1264,0.1473 0.1264,0.17057 0,0.0232 0.0267,0.0977 0.0595,0.16551 0.13746,0.28452 -0.0796,0.70548 -0.46243,0.89666 -0.10626,0.053 -0.16283,0.064 -0.24667,0.0479 -0.17446,-0.0336 -0.22305,-0.0231 -0.40707,0.0877 -0.16363,0.0985 -0.18958,0.10482 -0.43243,0.10482 -0.16293,0 -0.29796,-0.0166 -0.36565,-0.0449 -0.059,-0.0247 -0.17449,-0.0592 -0.2566,-0.0769 -0.0929,-0.0199 -0.19527,-0.0705 -0.27089,-0.1336 -0.14046,-0.11735 -0.15643,-0.12271 -0.13149,-0.0442 0.0212,0.0668 -0.0946,0.59179 -0.14419,0.6536 -0.12519,0.15605 -0.57403,0.20034 -0.8941,0.0882 -0.0992,-0.0348 -0.24402,-0.10836 -0.32174,-0.16357 -0.0777,-0.0552 -0.14942,-0.10038 -0.1593,-0.10038 -0.01,0 -0.0577,0.0335 -0.1063,0.0744 -0.10127,0.0852 -0.2638,0.0995 -0.32283,0.0283 -0.021,-0.0253 -0.0569,-0.0388 -0.0797,-0.03 -0.0884,0.0339 -0.23152,-0.0645 -0.33559,-0.23087 -0.1846,-0.29506 -0.44806,-0.33387 -0.58768,-0.0866 -0.0595,0.10539 -0.28653,0.33283 -0.58,0.58106 -0.0737,0.0623 -0.31339,0.29028 -0.53278,0.50664 -0.49909,0.49222 -0.55331,0.53141 -0.74878,0.54136 -0.0842,0.005 -0.21326,0.0222 -0.28687,0.0397 -0.146,0.0348 -0.17117,0.0362 -0.23793,0.0134 z m 0.7728,-0.78244 c 0.2354,-0.32743 0.30687,-0.39573 0.47072,-0.4498 0.0603,-0.0199 0.14464,-0.0575 0.18738,-0.0835 0.17152,-0.10437 0.44275,-0.30368 0.44275,-0.32532 0,-0.0127 0.027,-0.052 0.0599,-0.0874 0.0904,-0.097 0.11875,-0.19606 0.0884,-0.30867 -0.0147,-0.0546 -0.0329,-0.18162 -0.0403,-0.28237 -0.008,-0.10076 -0.0415,-0.24633 -0.0757,-0.3235 -0.0342,-0.0772 -0.0621,-0.15533 -0.0623,-0.1737 -8e-5,-0.0183 -0.019,-0.0696 -0.0421,-0.11373 -0.0608,-0.11661 -0.11083,-0.48179 -0.0888,-0.64827 l 0.019,-0.14341 -0.17702,-0.17367 c -0.0974,-0.0955 -0.19895,-0.21381 -0.22574,-0.26289 -0.18664,-0.34175 -0.26933,-0.55446 -0.31706,-0.81548 l -0.0521,-0.28491 -0.18476,-0.18588 c -0.10163,-0.10223 -0.19523,-0.18587 -0.208,-0.18587 -0.0424,0 -0.18062,-0.14516 -0.18062,-0.18977 0,-0.0669 0.085,-0.13738 0.16569,-0.13738 0.0932,0 0.0932,-0.0537 9e-5,-0.35024 -0.0397,-0.12633 -0.0905,-0.29661 -0.113,-0.37839 -0.0595,-0.21636 -0.12973,-0.20392 -0.25191,0.0446 -0.15592,0.3172 -0.22819,0.56225 -0.24559,0.83273 -0.0152,0.23628 -0.0208,0.25343 -0.0853,0.26258 -0.0488,0.007 -0.0736,-0.008 -0.0845,-0.0491 -0.009,-0.0337 -0.0492,-0.0657 -0.0945,-0.0747 -0.49754,-0.10009 -0.51906,-0.10178 -0.61302,-0.0482 -0.0498,0.0284 -0.14416,0.0676 -0.20958,0.0869 -0.0654,0.0194 -0.18101,0.0677 -0.25683,0.10735 -0.0758,0.0397 -0.15405,0.0721 -0.17386,0.0721 -0.0198,0 -0.11837,-0.072 -0.21903,-0.15998 -0.10066,-0.088 -0.2265,-0.16935 -0.27963,-0.1808 -0.14153,-0.0305 -0.18592,-0.11425 -0.18592,-0.35082 0,-0.22661 -0.0525,-0.38202 -0.1707,-0.50545 -0.0863,-0.0901 -0.1881,-0.10537 -0.25518,-0.0383 -0.0718,0.0718 -0.11794,0.31937 -0.084,0.45108 0.0312,0.12079 0.0257,0.78877 -0.008,0.89272 -0.0105,0.0333 -0.0558,0.0789 -0.10047,0.10151 -0.0447,0.0226 -0.20561,0.12646 -0.35755,0.23083 -0.23378,0.1606 -0.311,0.23616 -0.50237,0.49159 -0.24759,0.33046 -0.3191,0.4634 -0.27405,0.50948 0.0159,0.0163 0.15655,0.0258 0.31755,0.0215 0.33351,-0.009 0.41361,0.0197 0.48726,0.17311 0.0968,0.20162 0.0945,0.2785 -0.0153,0.52827 -0.0562,0.12777 -0.12363,0.31621 -0.1499,0.41876 -0.0263,0.10255 -0.12141,0.32561 -0.21142,0.4957 -0.09,0.17009 -0.16365,0.32818 -0.16365,0.35131 0,0.0232 0.0702,0.0776 0.15613,0.1211 0.11305,0.0572 0.21358,0.14801 0.36433,0.32896 0.11449,0.13745 0.26441,0.2843 0.33313,0.32634 0.0687,0.042 0.14858,0.11643 0.17744,0.16529 0.0629,0.10642 0.10753,0.12316 0.31364,0.11757 0.47065,-0.0128 0.45468,-0.019 0.56778,0.21991 0.10321,0.21798 0.17818,0.26107 0.41324,0.23748 0.10305,-0.0103 0.2476,-0.0485 0.3212,-0.0847 0.18454,-0.0909 0.58682,-0.1212 0.73875,-0.0557 0.17862,0.077 0.81711,0.21317 0.87131,0.18586 0.0268,-0.0135 0.14519,-0.15877 0.26313,-0.32282 z m -1.8831,-0.3476 c -0.0215,-0.0215 -0.20325,-0.15567 -0.24115,-0.26991 -0.0133,-0.0401 0.0597,-0.11198 0.0689,-0.12843 0.0245,-0.0438 0.23096,0.1809 0.3381,0.18038 0.10053,-4.9e-4 0.0996,-0.22419 0.19347,-0.31696 0.0928,-0.0917 0.0967,-0.10487 0.0967,-0.33028 0,-0.25677 -0.0256,-0.30246 -0.22607,-0.40368 -0.1969,-0.0994 -0.24399,-0.32872 -0.0992,-0.48286 0.0536,-0.057 0.0936,-0.0676 0.25164,-0.0667 0.12614,6.7e-4 0.21038,-0.0147 0.25632,-0.0468 0.0931,-0.0652 0.19191,-0.0602 0.31515,0.016 0.0569,0.0352 0.14543,0.0725 0.19682,0.0829 0.0912,0.0186 0.0937,0.0235 0.1022,0.20005 0.009,0.1808 0.009,0.18116 -0.1041,0.25124 -0.062,0.0386 -0.18645,0.099 -0.27641,0.13418 l -0.16358,0.064 -0.009,0.24363 c -0.008,0.23646 -0.006,0.24636 0.0818,0.33616 0.0498,0.0509 0.0905,0.10283 0.0905,0.11542 0,0.0126 0.0531,0.0388 0.11801,0.0582 0.0934,0.028 0.12752,0.0274 0.16357,-0.002 0.057,-0.0473 0.52741,-0.19524 0.52536,-0.26311 -0.005,-0.15457 0.20407,-0.092 0.23026,-0.0402 0.0206,0.0407 -0.0575,0.24826 -0.0719,0.26963 -0.0411,0.0609 -0.30685,0.0208 -0.32115,0.0476 -0.0469,0.0879 -0.24633,0.20064 -0.27983,0.22969 -0.11841,0.1027 -0.36354,0.0831 -0.50007,-0.04 -0.0963,-0.0868 -0.25927,-0.0723 -0.38016,0.0338 -0.0559,0.0491 -0.12248,0.0892 -0.14798,0.0892 -0.0255,0 -0.0546,0.0134 -0.0647,0.0297 -0.0208,0.0336 -0.11341,0.0396 -0.1435,0.009 z m 0.86025,-2.43337 c -0.0304,-0.0539 -0.0392,-0.0749 -0.0851,-0.0752 -0.13004,-7.7e-4 -0.21823,-0.12666 -0.17272,-0.24634 0.0375,-0.0986 0.0837,-0.11123 0.47789,-0.1304 0.32096,-0.0156 0.34734,-0.0126 0.42404,0.0486 0.045,0.0359 0.0818,0.0882 0.0818,0.11625 0,0.0724 -0.26735,0.21295 -0.40422,0.26903 -0.13104,0.0537 -0.1889,0.0772 -0.25854,0.0365 -0.0632,-0.0184 -0.0506,-0.0148 -0.0632,-0.0184 z m -1.62927,-0.10034 c -0.075,-0.0229 -0.24732,-0.1901 -0.24732,-0.2556 0,-0.0788 0.074,-0.0963 0.21321,-0.14143 0.0572,-0.0185 0.26574,0.11004 0.37834,0.0201 0.11258,-0.0899 0.24743,-0.15478 0.26779,-0.15478 0.0758,0 0.0877,-0.064 0.081,0.10382 -0.008,0.20742 -0.0692,0.31499 -0.21534,0.38089 -0.10411,0.0469 -0.38679,0.0747 -0.47763,0.047 z m -1.98692,2.81294 c 0,-0.0372 -0.0213,-0.0982 -0.0474,-0.13544 -0.0543,-0.0775 -0.0345,-0.21318 0.031,-0.21318 0.0449,0 0.13539,0.0782 0.13539,0.11703 0,0.0319 0.15029,0.18037 0.18249,0.18037 0.0141,0 0.0257,-0.0387 0.0257,-0.0862 0,-0.0675 -0.0353,-0.11669 -0.16273,-0.22667 -0.18563,-0.16024 -0.35628,-0.37981 -0.45828,-0.58966 -0.0887,-0.18251 -0.0734,-0.332 0.0501,-0.48787 0.1025,-0.12942 0.32207,-0.58351 0.37746,-0.78065 0.0207,-0.0736 0.058,-0.19741 0.0829,-0.27513 0.0249,-0.0777 0.0365,-0.14613 0.0259,-0.15202 -0.0107,-0.006 -0.0997,0.009 -0.19784,0.032 -0.35636,0.0854 -0.43339,0.0827 -0.60046,-0.0212 l -0.15138,-0.0941 -0.0195,-0.2132 c -0.017,-0.18615 -0.01,-0.23752 0.0563,-0.40472 0.0417,-0.10534 0.0757,-0.20583 0.0757,-0.2233 0,-0.0491 0.72028,-0.7508 0.79323,-0.77275 0.0355,-0.0107 0.145,-0.0891 0.24331,-0.17432 0.0983,-0.0852 0.20648,-0.17495 0.24039,-0.19949 0.0532,-0.0384 0.0624,-0.0795 0.0672,-0.2974 0.003,-0.13904 -0.009,-0.33257 -0.0258,-0.43006 -0.0172,-0.0975 -0.021,-0.21796 -0.009,-0.26767 0.0125,-0.0497 0.0306,-0.1259 0.0403,-0.16931 0.0255,-0.11452 0.24616,-0.38086 0.35252,-0.42558 0.0768,-0.0323 0.11859,-0.0307 0.26505,0.0107 0.14386,0.0406 0.19569,0.0745 0.3007,0.19708 0.14733,0.17192 0.26969,0.39228 0.31733,0.57149 0.0358,0.13448 0.19505,0.27482 0.31341,0.27612 0.033,3.4e-4 0.0935,0.0268 0.13436,0.0589 0.10493,0.0821 0.20574,0.0736 0.40591,-0.0343 0.13322,-0.0718 0.21461,-0.0947 0.34714,-0.0978 0.17111,-0.004 0.17442,-0.005 0.28508,-0.15159 0.21177,-0.27915 0.32748,-0.4559 0.46515,-0.7105 0.14721,-0.27229 0.20533,-0.3149 0.35939,-0.26355 0.11002,0.0367 0.29416,0.34486 0.33789,0.56551 0.0187,0.0945 0.0523,0.21192 0.0745,0.26103 0.0222,0.0491 0.0687,0.15509 0.10316,0.23554 0.0345,0.0804 0.10905,0.19757 0.16568,0.26026 0.07,0.0775 0.10298,0.143 0.10298,0.20459 0,0.0498 0.0191,0.12755 0.0424,0.17269 0.0233,0.0452 0.0699,0.22181 0.10356,0.39259 0.0908,0.46143 0.13431,0.6006 0.24471,0.7838 0.0797,0.13225 0.12305,0.17304 0.21365,0.2011 0.15303,0.0474 0.2293,0.19549 0.23093,0.44846 0.002,0.34336 0.0921,0.74109 0.25019,1.10766 0.0212,0.0491 0.0478,0.14618 0.0591,0.21579 0.0284,0.17493 0.16428,0.25913 0.321,0.19899 0.0764,-0.0294 -0.004,-0.33951 -0.11076,-0.4283 -0.0915,-0.0759 -0.0387,-0.23927 0.0773,-0.23927 0.11399,0 0.21071,0.0755 0.28387,0.22153 0.0414,0.0826 0.0916,0.17031 0.11156,0.19484 0.0199,0.0245 0.0543,0.0915 0.0764,0.1487 0.0441,0.11439 0.24848,0.43109 0.298,0.4617 0.0171,0.0106 0.0486,0.005 0.0699,-0.0128 0.0464,-0.0385 0.3035,-0.0521 0.39739,-0.0209 0.0864,0.0286 0.0916,-0.0458 0.009,-0.1231 -0.0387,-0.0361 -0.0525,-0.0765 -0.0411,-0.12012 0.009,-0.0362 0.0232,-0.0658 0.0306,-0.0658 0.062,0 0.14236,0.0894 0.20237,0.22505 0.0395,0.0893 0.0959,0.16981 0.1253,0.17898 0.0294,0.009 0.10036,0.0382 0.15761,0.0645 0.0572,0.0263 0.11413,0.0454 0.1264,0.0424 0.0122,-0.003 0.0234,0.018 0.0246,0.0467 0.002,0.0303 0.009,0.0368 0.0172,0.0153 0.008,-0.0202 -0.013,-0.0758 -0.0469,-0.12355 -0.0668,-0.0938 -0.0772,-0.17077 -0.0327,-0.24121 0.0231,-0.0365 0.057,-0.0162 0.18636,0.11153 0.15105,0.14915 0.23061,0.1923 0.23061,0.1251 0,-0.0629 -0.34166,-0.36206 -0.51143,-0.44776 -0.1472,-0.0743 -0.19551,-0.12034 -0.30231,-0.2881 -0.11859,-0.18628 -0.24764,-0.43973 -0.40452,-0.79447 -0.0362,-0.0818 -0.09,-0.19554 -0.11967,-0.25279 -0.15643,-0.30204 -0.24861,-0.4658 -0.28593,-0.50793 -0.0618,-0.0698 -0.0507,-0.13359 0.0331,-0.18843 0.14418,-0.0945 0.24416,0.0305 0.62383,0.77947 0.29393,0.57984 0.398,0.69787 0.40533,0.45965 0.006,-0.18981 0.009,-0.19837 0.0904,-0.22701 0.0668,-0.0235 0.10431,-0.011 0.24296,0.081 0.0902,0.0598 0.18719,0.10885 0.21555,0.10885 0.0705,0 0.35115,0.13527 0.39816,0.19191 0.021,0.0253 0.0521,0.046 0.069,0.046 0.0297,0 0.33218,0.21915 0.39316,0.28481 0.0621,0.0668 0.27762,0.22078 0.30913,0.22078 0.0181,0 0.0329,0.0134 0.0329,0.0297 0,0.0164 0.0267,0.0297 0.0595,0.0297 0.0779,0 0.0767,-0.005 -0.0406,-0.17094 -0.11706,-0.16537 -0.15529,-0.29271 -0.10578,-0.35237 0.019,-0.023 0.0455,-0.0417 0.0589,-0.0417 0.0133,0 0.1086,0.0736 0.21176,0.16357 0.10315,0.09 0.20284,0.16357 0.22152,0.16357 0.0675,0 0.33822,0.0989 0.33822,0.12348 0,0.10014 0.43357,-0.0599 0.58201,-0.21486 l 0.08,-0.0835 -0.0588,-0.11331 c -0.0378,-0.0729 -0.12963,-0.16162 -0.25732,-0.24868 -0.32504,-0.22163 -0.4049,-0.38919 -0.40519,-0.85009 0,-0.38312 -0.0667,-0.50664 -0.33299,-0.61903 -0.0541,-0.0229 -0.17682,-0.10266 -0.27266,-0.17739 -0.0958,-0.0747 -0.18453,-0.12953 -0.19708,-0.12177 -0.0771,0.0477 -0.5992,-0.20398 -0.70571,-0.34017 -0.0491,-0.0627 -0.1804,-0.339 -0.25171,-0.52948 -0.0611,-0.16343 -0.1289,-0.20066 -0.20286,-0.11153 -0.0781,0.094 -0.25264,0.0339 -0.28013,-0.0964 -0.01,-0.0451 0.002,-0.15563 0.027,-0.2456 0.0244,-0.09 0.0444,-0.23305 0.0446,-0.31795 0,-0.0849 0.0148,-0.16333 0.0325,-0.17425 0.0191,-0.0118 0.0258,-0.0699 0.0164,-0.14302 -0.009,-0.0677 -0.0164,-0.13367 -0.0173,-0.14652 -7.7e-4,-0.0128 -0.0633,-0.0498 -0.13877,-0.0822 -0.0755,-0.0323 -0.17251,-0.0831 -0.21561,-0.11285 -0.1052,-0.0725 -0.53324,-0.13577 -0.64111,-0.0948 -0.1209,0.0459 -0.22956,0.0372 -0.3592,-0.0289 -0.17505,-0.0892 -0.26448,-0.0772 -0.4096,0.0553 -0.1852,0.169 -0.24247,0.19292 -0.36512,0.15244 -0.0565,-0.0186 -0.10263,-0.0453 -0.10263,-0.0593 0,-0.0503 -0.3751,-0.4034 -0.53533,-0.50398 -0.0899,-0.0565 -0.2101,-0.14009 -0.26699,-0.18582 -0.0569,-0.0457 -0.11933,-0.0831 -0.13874,-0.0831 -0.0194,0 -0.16637,-0.0535 -0.32656,-0.11896 -0.16019,-0.0654 -0.31859,-0.11876 -0.35199,-0.11852 -0.0666,4.6e-4 -0.19162,0.0439 -0.41292,0.14329 -0.0792,0.0356 -0.17638,0.0728 -0.2159,0.0827 -0.0395,0.01 -0.0792,0.0299 -0.0882,0.0445 -0.009,0.0145 -0.0353,0.0264 -0.0585,0.0264 -0.0232,0 -0.13278,0.0417 -0.2436,0.0926 -0.18631,0.0857 -0.21959,0.0915 -0.44167,0.078 -0.18303,-0.0112 -0.28621,-0.036 -0.4337,-0.10426 -0.15219,-0.0705 -0.28192,-0.10055 -0.60743,-0.14096 -0.22764,-0.0283 -0.50692,-0.0689 -0.62061,-0.0902 -0.31653,-0.0594 -0.36119,-0.0244 -0.74137,0.58114 -0.11812,0.1881 -0.24517,0.40223 -0.28237,0.47584 -0.0974,0.1927 -0.13229,0.21267 -0.28048,0.16038 -0.0675,-0.0238 -0.15668,-0.0367 -0.19813,-0.0287 -0.0414,0.008 -0.17422,0.0229 -0.29507,0.033 -0.18659,0.0156 -0.24713,0.0356 -0.4015,0.13318 -0.1,0.0631 -0.26876,0.1683 -0.37509,0.23365 -0.22974,0.14121 -0.4185,0.31556 -0.71245,0.65803 -0.11933,0.13903 -0.23304,0.26617 -0.25267,0.28253 -0.06,0.05 -0.0749,0.16832 -0.0315,0.24991 0.0226,0.0425 0.0948,0.13336 0.16035,0.20196 0.14079,0.14728 0.19329,0.24244 0.27173,0.49268 0.0774,0.24686 0.0753,0.27248 -0.0417,0.51356 -0.1076,0.22185 -0.14653,0.26828 -0.36095,0.4304 -0.18109,0.13692 -0.22768,0.2347 -0.34442,0.72288 -0.0945,0.39518 -0.0967,0.41778 -0.0623,0.65572 0.0353,0.24423 0.18351,0.73484 0.24397,0.8077 0.0184,0.0222 0.10369,0.0389 0.20568,0.0403 0.0958,0.002 0.23367,0.0226 0.30629,0.0473 0.11505,0.0391 0.15741,0.0395 0.32907,0.004 0.14113,-0.0295 0.23323,-0.0332 0.32469,-0.0128 0.23971,0.0532 0.46714,0.15134 0.58537,0.25253 0.13236,0.11331 0.35559,0.2478 0.41219,0.24834 0.0205,3.4e-4 0.0371,-0.0301 0.0371,-0.0674 z m 8.8964,-1.51487 c -0.067,-0.071 -0.15274,-0.11053 -0.15274,-0.0704 0,0.0475 0.043,0.10652 0.0775,0.10652 0.0228,0 0.0414,0.0105 0.0414,0.0234 0,0.0128 0.0252,0.0234 0.056,0.0234 0.0495,0 0.0469,-0.01 -0.0222,-0.0829 z m -4.94093,-5.89709 c 0.0572,-0.022 0.084,-0.0405 0.0595,-0.041 -0.0245,-4.5e-4 -0.0848,0.0175 -0.13384,0.04 -0.11485,0.0526 -0.0614,0.0534 0.0744,7.7e-4 z"
         id="path1166-6-4-4-5-0-0"
         inkscape:connector-curvature="0"
         sodipodi:nodetypes="cccscccccccccccccccccccccccccccccccccccccsscccscccccccsccccccccscsscsccscccccccsccccccccccccccscccccccccccccsssccccccccccsscsccccccccccccssccccccsccccccssscsccccccccccccsccsssscccsccccccccsccccscscccccscsscccccccccccscccccccccccccsccccccccssccccccccsccccccccsccccccsccsccccccccccscscsssccscssccsccccccccccccccccccccsccscccccscccccccccccccccccccccccccccccccsccscccccccccc" />
    </g>
  </g>
</svg>
